chatbot_id: study_goal_assistant
real_dialogue: false
run_id: paper_challenging_2025-05-19_13-56-50_seed_5
subfolder: null
dialogue_file: null
extra_output_file: false
stats:
    start_time: '2025-05-19 14:29:23'
    end_time: '2025-05-19 14:30:51'
    n_analyzed_dialogues: 10
    user_turn_mtld: 125.44826123833758
    chatbot_turn_mtld: 80.05088431400375
    rating_stats:
        task_success:
            average: 3.4
            std: 1.4966629547095767
            five_number_summary:
                min: 1.0
                q1: 2.25
                median: 4.0
                q3: 4.75
                max: 5.0
        efficiency:
            average: 2.8
            std: 1.2489995996796797
            five_number_summary:
                min: 1.0
                q1: 2.0
                median: 3.0
                q3: 3.75
                max: 5.0
        appropriateness:
            average: 4.0
            std: 1.0954451150103321
            five_number_summary:
                min: 2.0
                q1: 3.0
                median: 4.5
                q3: 5.0
                max: 5.0
        naturalness:
            average: 3.2
            std: 0.8717797887081347
            five_number_summary:
                min: 2.0
                q1: 2.25
                median: 3.5
                q3: 4.0
                max: 4.0
        overall_performance:
            average: 3.2
            std: 1.4000000000000001
            five_number_summary:
                min: 1.0
                q1: 2.25
                median: 3.5
                q3: 4.0
                max: 5.0
    cost_stats:
        prompt_tokens: 25633
        completion_tokens: 3323
        total_tokens: 28956
        cost: 0.09731250000000001
        avg_prompt_tokens: 2563.3
        avg_completion_tokens: 332.3
        avg_total_tokens: 2895.6
        avg_cost: 0.00973125
