chatbot_id: autotod_multiwoz
real_dialogue: false
run_id: gpt4t_paper_standard_2025-05-19_13-24-01_seed_4
subfolder: null
dialogue_file: null
extra_output_file: false
stats:
    start_time: '2025-05-19 13:41:13'
    end_time: '2025-05-19 13:42:13'
    n_analyzed_dialogues: 10
    user_turn_mtld: 81.25285535439139
    chatbot_turn_mtld: 80.39322376945093
    rating_stats:
        task_success:
            average: 3.4
            std: 1.2
            five_number_summary:
                min: 1.0
                q1: 3.0
                median: 3.5
                q3: 4.0
                max: 5.0
        efficiency:
            average: 3.5
            std: 1.2041594578792296
            five_number_summary:
                min: 1.0
                q1: 3.0
                median: 4.0
                q3: 4.0
                max: 5.0
        appropriateness:
            average: 3.9
            std: 0.9433981132056604
            five_number_summary:
                min: 2.0
                q1: 3.25
                median: 4.0
                q3: 4.75
                max: 5.0
        naturalness:
            average: 3.9
            std: 0.9433981132056604
            five_number_summary:
                min: 2.0
                q1: 3.25
                median: 4.0
                q3: 4.75
                max: 5.0
        overall_performance:
            average: 3.6
            std: 1.2
            five_number_summary:
                min: 1.0
                q1: 3.25
                median: 4.0
                q3: 4.0
                max: 5.0
    cost_stats:
        prompt_tokens: 16366
        completion_tokens: 2932
        total_tokens: 19298
        cost: 0.07023500000000002
        avg_prompt_tokens: 1636.6
        avg_completion_tokens: 293.2
        avg_total_tokens: 1929.8
        avg_cost: 0.007023500000000002
