chatbot_id: autotod_multiwoz
real_dialogue: false
run_id: gpt4t_paper_autotod_multiwoz_2025-05-19_13-23-30_seed_5
subfolder: null
dialogue_file: null
extra_output_file: false
stats:
    start_time: '2025-05-19 13:39:28'
    end_time: '2025-05-19 13:40:33'
    n_analyzed_dialogues: 10
    user_turn_mtld: 56.6875
    chatbot_turn_mtld: 75.1086956521739
    rating_stats:
        task_success:
            average: 3.7
            std: 1.004987562112089
            five_number_summary:
                min: 2.0
                q1: 3.0
                median: 3.5
                q3: 4.75
                max: 5.0
        efficiency:
            average: 3.6
            std: 1.1135528725660044
            five_number_summary:
                min: 2.0
                q1: 3.0
                median: 3.5
                q3: 4.75
                max: 5.0
        appropriateness:
            average: 3.8
            std: 0.8717797887081347
            five_number_summary:
                min: 3.0
                q1: 3.0
                median: 3.5
                q3: 4.75
                max: 5.0
        naturalness:
            average: 3.6
            std: 0.48989794855663565
            five_number_summary:
                min: 3.0
                q1: 3.0
                median: 4.0
                q3: 4.0
                max: 4.0
        overall_performance:
            average: 3.7
            std: 1.004987562112089
            five_number_summary:
                min: 2.0
                q1: 3.0
                median: 3.5
                q3: 4.75
                max: 5.0
    cost_stats:
        prompt_tokens: 15695
        completion_tokens: 2881
        total_tokens: 18576
        cost: 0.0680475
        avg_prompt_tokens: 1569.5
        avg_completion_tokens: 288.1
        avg_total_tokens: 1857.6
        avg_cost: 0.00680475
