chatbot_id: autotod_multiwoz
real_dialogue: false
run_id: gpt4t_paper_autotod_multiwoz_2025-05-19_11-43-47_seed_2
subfolder: null
dialogue_file: null
extra_output_file: false
stats:
    start_time: '2025-05-19 11:56:29'
    end_time: '2025-05-19 11:57:27'
    n_analyzed_dialogues: 10
    user_turn_mtld: 50.87696964095929
    chatbot_turn_mtld: 80.94756178568838
    rating_stats:
        task_success:
            average: 3.7
            std: 1.004987562112089
            five_number_summary:
                min: 2.0
                q1: 3.0
                median: 3.5
                q3: 4.75
                max: 5.0
        efficiency:
            average: 3.7
            std: 1.004987562112089
            five_number_summary:
                min: 2.0
                q1: 3.0
                median: 3.5
                q3: 4.75
                max: 5.0
        appropriateness:
            average: 4.0
            std: 0.7745966692414834
            five_number_summary:
                min: 3.0
                q1: 3.25
                median: 4.0
                q3: 4.75
                max: 5.0
        naturalness:
            average: 3.9
            std: 0.8306623862918074
            five_number_summary:
                min: 3.0
                q1: 3.0
                median: 4.0
                q3: 4.75
                max: 5.0
        overall_performance:
            average: 3.7
            std: 1.004987562112089
            five_number_summary:
                min: 2.0
                q1: 3.0
                median: 3.5
                q3: 4.75
                max: 5.0
    cost_stats:
        prompt_tokens: 14895
        completion_tokens: 2733
        total_tokens: 17628
        cost: 0.0645675
        avg_prompt_tokens: 1489.5
        avg_completion_tokens: 273.3
        avg_total_tokens: 1762.8
        avg_cost: 0.00645675
