chatbot_id: study_goal_assistant
real_dialogue: false
run_id: paper_challenging_2025-05-19_13-23-47_seed_4
subfolder: null
dialogue_file: null
extra_output_file: false
stats:
    start_time: '2025-05-19 13:53:03'
    end_time: '2025-05-19 13:54:47'
    n_analyzed_dialogues: 10
    user_turn_mtld: 90.04578692354734
    chatbot_turn_mtld: 72.69393348295833
    rating_stats:
        task_success:
            average: 3.1
            std: 1.044030650891055
            five_number_summary:
                min: 2.0
                q1: 2.0
                median: 3.0
                q3: 4.0
                max: 5.0
        efficiency:
            average: 2.5
            std: 1.118033988749895
            five_number_summary:
                min: 1.0
                q1: 2.0
                median: 2.0
                q3: 3.75
                max: 4.0
        appropriateness:
            average: 3.8
            std: 0.8717797887081347
            five_number_summary:
                min: 3.0
                q1: 3.0
                median: 3.5
                q3: 4.75
                max: 5.0
        naturalness:
            average: 3.1
            std: 0.7
            five_number_summary:
                min: 2.0
                q1: 3.0
                median: 3.0
                q3: 3.75
                max: 4.0
        overall_performance:
            average: 3.0
            std: 0.8944271909999159
            five_number_summary:
                min: 2.0
                q1: 2.0
                median: 3.0
                q3: 4.0
                max: 4.0
    cost_stats:
        prompt_tokens: 25745
        completion_tokens: 3765
        total_tokens: 29510
        cost: 0.1020125
        avg_prompt_tokens: 2574.5
        avg_completion_tokens: 376.5
        avg_total_tokens: 2951.0
        avg_cost: 0.01020125
